+-----------------+--------+-----+-----+--------+-------+----------------+-------------------+---------------------+-------------+----------------------------+
| Model           | Layers | M   | N   | Lambda | Noise | Train time (s) | GPU mem mean (MB) | GPU mem median (MB) | Mem samples | Timestamp                  |
+-----------------+--------+-----+-----+--------+-------+----------------+-------------------+---------------------+-------------+----------------------------+
| alista          | 16     | 5   | 10  | 0.005  | 0.0   | 11878.77       | 7593.0            | 7593.0              | 1182        | 2026-05-10T06:53:16.075770 |
| alista          | 16     | 5   | 10  | 0.005  | 0.0   | 12.83          | 7764.0            | 7764.0              | 1           | 2026-05-10T09:55:41.399534 |
| alista          | 16     | 5   | 10  | 0.005  | 0.0   | 12.93          | 7894.0            | 7894.0              | 1           | 2026-05-10T10:10:56.826597 |
| alista          | 16     | 5   | 10  | 0.005  | 0.0   | 12.96          | 7470.0            | 7470.0              | 1           | 2026-05-10T10:56:51.113325 |
| alista          | 16     | 5   | 10  | 0.005  | 0.0   | 12.61          | 7679.0            | 7679.0              | 1           | 2026-05-10T12:03:17.484590 |
| alista          | 16     | 5   | 10  | 0.005  | 0.0   | 12.65          | 7749.0            | 7749.0              | 1           | 2026-05-10T12:08:37.905865 |
| alista          | 16     | 5   | 10  | 0.005  | 0.0   | 12.76          | 7718.0            | 7718.0              | 1           | 2026-05-10T12:14:05.057257 |
| alista          | 16     | 5   | 10  | 0.005  | 0.0   | 12.04          | 7531.0            | 7531.0              | 1           | 2026-05-10T16:00:38.417879 |
| alista          | 2      | 25  | 50  | 0.005  | 0.0   | 1.59           |                   |                     | 0           | 2026-05-07T15:24:50.220237 |
| alista          | 2      | 25  | 50  | 0.005  | 0.1   | 370.14         |                   |                     | 0           | 2026-05-07T15:52:27.704093 |
| alista          | 2      | 25  | 50  | 0.005  | 0.1   | 342.17         |                   |                     | 0           | 2026-05-07T17:48:03.399127 |
| alista          | 2      | 25  | 50  | 0.005  | 0.15  | 365.49         | 7735.8            | 7735.0              | 36          | 2026-05-07T22:50:52.672263 |
| alista          | 2      | 25  | 50  | 0.005  | 0.15  | 1.53           |                   |                     | 0           | 2026-05-08T00:41:01.676963 |
| alista          | 2      | 25  | 50  | 0.005  | 0.15  | 1.64           |                   |                     | 0           | 2026-05-08T10:21:36.815146 |
| alista          | 4      | 25  | 50  | 0.005  | 0.0   | 2.17           |                   |                     | 0           | 2026-05-07T15:25:06.177745 |
| alista          | 4      | 25  | 50  | 0.005  | 0.1   | 1120.6         |                   |                     | 0           | 2026-05-07T18:59:55.972182 |
| alista          | 4      | 25  | 50  | 0.005  | 0.15  | 1079.22        | 7690.8            | 7670.0              | 107         | 2026-05-08T00:01:53.285264 |
| alista          | 4      | 25  | 50  | 0.005  | 0.15  | 2.13           |                   |                     | 0           | 2026-05-08T00:41:18.040220 |
| alista          | 4      | 25  | 50  | 0.005  | 0.15  | 2.29           |                   |                     | 0           | 2026-05-08T10:21:54.909225 |
| alista          | 8      | 25  | 50  | 0.005  | 0.1   | 3386.27        |                   |                     | 0           | 2026-05-07T22:14:13.507375 |
| alista          | 8      | 25  | 50  | 0.005  | 0.15  | 2834.82        | 7840.4            | 7871.0              | 282         | 2026-05-08T12:39:03.577572 |
| l2o_dm          | 100    | 5   | 10  | 0.005  | 0.0   | 363.56         | 7554.9            | 7557.0              | 36          | 2026-05-10T16:06:44.274721 |
| l2o_dm          | 1000   | 5   | 10  | 0.005  | 0.0   | 14.72          | 7582.0            | 7582.0              | 1           | 2026-05-10T16:32:00.495700 |
| l2o_dm          | 1000   | 5   | 10  | 0.005  | 0.0   | 13.56          | 7739.0            | 7739.0              | 1           | 2026-05-10T17:17:25.449934 |
| l2o_dm          | 1000   | 25  | 50  | 0.005  | 0.0   | 18.86          | 7762.0            | 7762.0              | 1           | 2026-05-10T16:34:21.089748 |
| l2o_dm          | 1000   | 25  | 50  | 0.005  | 0.0   | 12.49          | 7755.0            | 7755.0              | 1           | 2026-05-10T17:19:41.268502 |
| l2o_dm          | 1000   | 50  | 100 | 0.005  | 0.0   | 18.21          | 7743.0            | 7743.0              | 1           | 2026-05-10T17:21:16.990825 |
| l2o_dm          | 1000   | 100 | 200 | 0.005  | 0.0   | 27.7           | 7751.0            | 7751.0              | 2           | 2026-05-10T17:24:51.553608 |
| l2o_dm          | 1000   | 200 | 400 | 0.005  | 0.0   | 57.07          | 7603.4            | 7606.0              | 5           | 2026-05-10T17:31:36.518805 |
| l2o_dm_enhanced | 100    | 5   | 10  | 0.005  | 0.0   | 338.43         | 7567.2            | 7567.0              | 33          | 2026-05-10T16:12:27.590570 |
| l2o_dm_enhanced | 100    | 5   | 10  | 0.005  | 0.0   | 15.67          | 7832.0            | 7832.0              | 1           | 2026-05-10T16:32:18.255669 |
| l2o_dm_enhanced | 100    | 5   | 10  | 0.005  | 0.0   | 15.04          | 7707.0            | 7707.0              | 1           | 2026-05-10T17:17:42.589089 |
| l2o_dm_enhanced | 100    | 25  | 50  | 0.005  | 0.0   | 18.87          | 7762.0            | 7762.0              | 1           | 2026-05-10T16:34:42.028621 |
| l2o_dm_enhanced | 100    | 25  | 50  | 0.005  | 0.0   | 12.16          | 7755.0            | 7755.0              | 1           | 2026-05-10T17:19:55.542611 |
| l2o_dm_enhanced | 100    | 50  | 100 | 0.005  | 0.0   | 17.74          | 7740.0            | 7740.0              | 1           | 2026-05-10T17:21:37.003480 |
| l2o_dm_enhanced | 100    | 100 | 200 | 0.005  | 0.0   | 27.53          | 7750.0            | 7750.0              | 2           | 2026-05-10T17:25:21.184667 |
| l2o_dm_enhanced | 100    | 200 | 400 | 0.005  | 0.0   | 56.96          | 7592.8            | 7584.0              | 5           | 2026-05-10T17:32:35.722533 |
| l2o_rnnprop     | 100    | 5   | 10  | 0.005  | 0.0   | 247.69         | 7569.1            | 7569.0              | 24          | 2026-05-10T16:16:40.154792 |
| l2o_rnnprop     | 1000   | 5   | 10  | 0.005  | 0.0   | 99.43          | 7812.1            | 7803.0              | 9           | 2026-05-10T16:33:59.957907 |
| l2o_rnnprop     | 1000   | 5   | 10  | 0.005  | 0.0   | 101.76         | 7737.9            | 7753.5              | 10          | 2026-05-10T17:19:26.454514 |
| l2o_rnnprop     | 1000   | 25  | 50  | 0.005  | 0.0   | 228.59         | 7762.0            | 7762.0              | 22          | 2026-05-10T16:38:32.664872 |
| l2o_rnnprop     | 1000   | 25  | 50  | 0.005  | 0.0   | 58.26          | 7752.2            | 7749.0              | 5           | 2026-05-10T17:20:55.906336 |
| l2o_rnnprop     | 1000   | 50  | 100 | 0.005  | 0.0   | 161.08         | 7748.8            | 7752.0              | 16          | 2026-05-10T17:24:20.314824 |
| l2o_rnnprop     | 1000   | 100 | 200 | 0.005  | 0.0   | 312.31         | 7649.4            | 7527.0              | 31          | 2026-05-10T17:30:35.578751 |
| l2o_rnnprop     | 1000   | 200 | 400 | 0.005  | 0.0   | 318.76         | 7596.0            | 7593.0              | 31          | 2026-05-10T17:37:56.734448 |
| lfista          | 16     | 5   | 10  | 0.005  | 0.0   | 17189.12       | 7560.8            | 7529.0              | 1711        | 2026-05-10T03:35:15.181178 |
| lfista          | 16     | 5   | 10  | 0.005  | 0.0   | 7.7            |                   |                     | 0           | 2026-05-10T09:55:26.878782 |
| lfista          | 16     | 5   | 10  | 0.005  | 0.0   | 7.7            |                   |                     | 0           | 2026-05-10T10:10:42.119834 |
| lfista          | 16     | 5   | 10  | 0.005  | 0.0   | 7.67           |                   |                     | 0           | 2026-05-10T10:56:36.414028 |
| lfista          | 16     | 5   | 10  | 0.005  | 0.0   | 7.51           |                   |                     | 0           | 2026-05-10T12:03:03.199153 |
| lfista          | 16     | 5   | 10  | 0.005  | 0.0   | 7.47           |                   |                     | 0           | 2026-05-10T12:08:23.597451 |
| lfista          | 16     | 5   | 10  | 0.005  | 0.0   | 7.43           |                   |                     | 0           | 2026-05-10T12:13:50.616216 |
| lfista          | 16     | 5   | 10  | 0.005  | 0.0   | 7.93           |                   |                     | 0           | 2026-05-10T16:00:24.713251 |
| lfista          | 2      | 25  | 50  | 0.005  | 0.0   | 1.45           |                   |                     | 0           | 2026-05-07T15:24:47.050060 |
| lfista          | 2      | 25  | 50  | 0.005  | 0.1   | 387.44         |                   |                     | 0           | 2026-05-07T15:46:15.929439 |
| lfista          | 2      | 25  | 50  | 0.005  | 0.1   | 379.2          |                   |                     | 0           | 2026-05-07T17:42:19.574866 |
| lfista          | 2      | 25  | 50  | 0.005  | 0.15  | 336.53         | 7692.8            | 7703.0              | 33          | 2026-05-07T22:44:45.575613 |
| lfista          | 2      | 25  | 50  | 0.005  | 0.15  | 1.36           |                   |                     | 0           | 2026-05-08T00:40:58.585223 |
| lfista          | 2      | 25  | 50  | 0.005  | 0.15  | 1.41           |                   |                     | 0           | 2026-05-08T10:21:33.588339 |
| lfista          | 4      | 25  | 50  | 0.005  | 0.0   | 1.8            |                   |                     | 0           | 2026-05-07T15:25:02.425045 |
| lfista          | 4      | 25  | 50  | 0.005  | 0.1   | 2155.71        |                   |                     | 0           | 2026-05-07T18:41:13.734407 |
| lfista          | 4      | 25  | 50  | 0.005  | 0.15  | 2130.67        | 7788.3            | 7789.5              | 212         | 2026-05-07T23:43:50.294063 |
| lfista          | 4      | 25  | 50  | 0.005  | 0.15  | 1.76           |                   |                     | 0           | 2026-05-08T00:41:14.353625 |
| lfista          | 4      | 25  | 50  | 0.005  | 0.15  | 1.83           |                   |                     | 0           | 2026-05-08T10:21:50.790734 |
| lfista          | 8      | 25  | 50  | 0.005  | 0.1   | 4994.83        |                   |                     | 0           | 2026-05-07T21:17:45.352121 |
| lfista          | 8      | 25  | 50  | 0.005  | 0.15  | 4343.31        | 7794.1            | 7784.0              | 432         | 2026-05-08T11:51:44.428420 |
| lista           | 16     | 5   | 10  | 0.005  | 0.0   | 17903.36       | 7789.3            | 7704.0              | 1782        | 2026-05-09T22:48:43.234454 |
| lista           | 16     | 5   | 10  | 0.005  | 0.0   | 6.52           |                   |                     | 0           | 2026-05-10T09:55:17.518441 |
| lista           | 16     | 5   | 10  | 0.005  | 0.0   | 6.2            |                   |                     | 0           | 2026-05-10T10:10:32.760701 |
| lista           | 16     | 5   | 10  | 0.005  | 0.0   | 6.83           |                   |                     | 0           | 2026-05-10T10:56:27.009789 |
| lista           | 16     | 5   | 10  | 0.005  | 0.0   | 6.06           |                   |                     | 0           | 2026-05-10T12:02:54.039806 |
| lista           | 16     | 5   | 10  | 0.005  | 0.0   | 6.09           |                   |                     | 0           | 2026-05-10T12:08:14.460007 |
| lista           | 16     | 5   | 10  | 0.005  | 0.0   | 6.06           |                   |                     | 0           | 2026-05-10T12:13:41.520852 |
| lista           | 16     | 5   | 10  | 0.005  | 0.0   | 6.28           |                   |                     | 0           | 2026-05-10T16:00:15.104705 |
| lista           | 2      | 25  | 50  | 0.005  | 0.0   | 1.49           |                   |                     | 0           | 2026-05-07T15:24:43.999044 |
| lista           | 2      | 25  | 50  | 0.005  | 0.1   | 351.22         |                   |                     | 0           | 2026-05-07T15:39:46.843798 |
| lista           | 2      | 25  | 50  | 0.005  | 0.1   | 325.65         |                   |                     | 0           | 2026-05-07T17:35:58.728751 |
| lista           | 2      | 25  | 50  | 0.005  | 0.15  | 366.28         | 7813.2            | 7874.0              | 36          | 2026-05-07T22:39:07.451285 |
| lista           | 2      | 25  | 50  | 0.005  | 0.15  | 1.34           |                   |                     | 0           | 2026-05-08T00:40:55.686463 |
| lista           | 2      | 25  | 50  | 0.005  | 0.15  | 3.17           |                   |                     | 0           | 2026-05-08T10:21:30.497918 |
| lista           | 4      | 25  | 50  | 0.005  | 0.0   | 1.68           |                   |                     | 0           | 2026-05-07T15:24:59.042782 |
| lista           | 4      | 25  | 50  | 0.005  | 0.1   | 1027.37        |                   |                     | 0           | 2026-05-07T18:05:16.350029 |
| lista           | 4      | 25  | 50  | 0.005  | 0.15  | 1037.36        | 7763.0            | 7770.0              | 103         | 2026-05-07T23:08:17.964391 |
| lista           | 4      | 25  | 50  | 0.005  | 0.15  | 1.71           |                   |                     | 0           | 2026-05-08T00:41:11.017411 |
| lista           | 4      | 25  | 50  | 0.005  | 0.15  | 1.82           |                   |                     | 0           | 2026-05-08T10:21:47.266162 |
| lista           | 8      | 25  | 50  | 0.005  | 0.1   | 3264.79        |                   |                     | 0           | 2026-05-07T19:54:28.608786 |
| lista           | 8      | 25  | 50  | 0.005  | 0.15  | 1035.65        | 7931.0            | 7925.0              | 103         | 2026-05-08T10:39:19.417970 |
| lista           | 16     | 25  | 50  | 0.005  | 0.15  | 9654.41        | 7700.9            | 7734.0              | 961         | 2026-05-08T15:20:06.634159 |
| lista           | 16     | 25  | 50  | 0.005  | 0.0   | 10972.33       | 7762.3            | 7726.0              | 1092        | 2026-05-09T14:38:44.224463 |
| lista           | 16     | 25  | 50  | 0.005  | 0.0   | 8.43           |                   |                     | 0           | 2026-05-09T16:45:49.157355 |
| lista           | 16     | 25  | 50  | 0.005  | 0.0   | 6.31           |                   |                     | 0           | 2026-05-09T16:48:46.871691 |
+-----------------+--------+-----+-----+--------+-------+----------------+-------------------+---------------------+-------------+----------------------------+
